0.9375949107 0.04274225102 0.009169737753 0.00222926626 0.001791525577 0.000948156461 0.001087591235 0.0005459082654 0.0005670347463 0.0006946386907 0.0002898553174 0.000295770732 0.0005814007533 0.0001968988016 0.0005594292132 0.0007056244607 
0.9400748394 0.03704321792 0.008936225587 0.005124720743 0.001843667707 0.0009943488009 0.001158252449 0.001728438475 0.0006407142623 0.0004569435049 0.000327807297 0.000428136197 0.0003407209178 0.0002999933445 0.000272179392 0.0003297940079 
0.9181043528 0.05988024526 0.008927467798 0.006086430766 0.002486506272 0.001278227116 0.001025264628 0.0003382415083 0.0007713439495 0.0002290077067 0.0001763071884 6.898976939e-05 0.0001830145271 0.0001264812439 0.0001054010366 0.0002127184556 
0.9247096516 0.05586087921 0.009750931887 0.002624688087 0.001515664952 0.001021995626 0.00110825298 0.0008972305228 0.0002387480361 0.0003203844614 0.0002772557839 0.0006122731894 0.0003357875605 0.0001794461046 0.000480576692 6.623332615e-05 
0.9530636709 0.02982364756 0.0097876191 0.002769750121 0.001134445574 0.0006302475412 0.0005317452765 0.0004507730758 0.0002462556618 0.0002913329694 0.0002495947216 0.0001786397004 0.000354775106 0.0001911611747 0.000222882243 7.345931606e-05 
0.9224356774 0.05894465426 0.008054419787 0.003205294936 0.00194814653 0.001325641319 0.0008418559325 0.0005123963503 0.0004638444118 0.0004300314547 0.0003511345548 0.0004239624624 0.0002496956834 0.0001881387614 0.0005514113008 7.369490655e-05 
0.9595132307 0.0253812444 0.005815231701 0.002736426274 0.001023661528 0.0009037419261 0.0005100927987 0.0009550119007 0.0005691836169 0.0004188496234 0.0003389032223 0.0002050798986 0.0003389032223 0.0006030739391 0.0004353602932 0.0002520049602 
0.9322548747 0.05104203964 0.00513741605 0.004775178442 0.001096751741 0.00190321145 0.001114319847 0.0004207979601 0.0002693776206 0.0005128213708 0.0002618484324 0.000226712221 0.0004199613836 0.0001748444804 0.0001581129512 0.0002317316798 
0.9249583852 0.05290545922 0.008935442396 0.003069511128 0.002462554569 0.001460168574 0.001439647286 0.0008334800079 0.0007640233406 0.0007908588712 0.0003220263667 0.000645631294 0.0005959066345 0.0003015050786 0.0002454661766 0.0002699338662 
0.9268275013 0.05684674024 0.007739863315 0.00148920927 0.001418371208 0.001841789627 0.0006794014184 0.0005353103593 0.0006254678935 0.0002028544519 0.0005264556014 0.0001392611912 0.0003171613256 0.0002157340997 0.0003356758193 0.0002592029108 
0.9458878857 0.03988574412 0.005596372999 0.002572388755 0.001793775843 0.000603610391 0.0006184411131 0.0004567862418 0.0005850719883 0.000298097515 0.0002825252567 0.0002172700793 0.0004612354585 0.0005198168109 0.0001416333964 7.934436344e-05 
0.9616023097 0.02709298638 0.006001318655 0.001279292196 0.001151362976 0.0004564575112 0.000510202923 0.0001937862734 0.0007138299056 9.15942933e-05 4.541865783e-05 0.0003906004574 3.936283679e-05 0.0001029489578 0.0002036269826 0.000124901309 
0.9568528879 0.03051397766 0.006053376925 0.001369877347 0.001361828714 0.001389194066 0.0002599708479 0.0003283842289 0.0005931842566 0.0002334103588 0.0001561434814 0.0001569483447 0.0001199246326 0.0003042383297 0.0001110711362 0.0001955817834 
0.9371586263 0.0399002453 0.01299182339 0.002031888798 0.002321340965 0.001825838103 0.001273916599 0.0004693376942 0.0002436631235 0.0004750613246 0.0002510220769 0.000209321341 0.0003368765331 0.0001030253475 0.0001512673753 0.0002567457073 
0.9445577419 0.03557341881 0.007561826343 0.005829637699 0.002149347903 0.0009728284294 0.0008335037548 0.0005801120953 0.0003699029371 0.0005190047819 0.0003324237849 0.0001751742984 0.000205320573 0.0002102091581 3.992344476e-05 8.962405966e-05 
0.9340822911 0.0405624472 0.01126949307 0.005067890946 0.00374273977 0.0005664165067 0.0009203170527 0.0006761871475 0.0003020888036 0.0006278880656 0.0005453405437 0.0002546678867 0.0003345809133 0.0001571915577 0.0005664165067 0.0003240429317 
0.9545730248 0.02949196151 0.006440102316 0.002873397763 0.001685547906 0.0002445109269 0.001551461268 0.0002886806427 0.0008510557745 0.0002074399154 0.0003312728687 0.0004219785351 0.0003194416948 0.0001261991881 0.0004566833118 0.000137241617 
0.9134637212 0.0697928137 0.005162716631 0.004961120805 0.001558555964 0.0008860051839 0.0006700096563 0.00063951617 0.0007979128903 0.0004743431195 0.0002134544038 0.0002388656423 0.0004845076149 0.0001075742432 0.0003023937387 0.0002464890139 
0.9394847823 0.03832420206 0.01108630939 0.003266759994 0.001941308701 0.00168725657 0.000979414769 0.0004914594682 0.0004310125817 0.0002277708765 0.0004678063387 0.0004459052929 0.0003810781972 0.0001357864841 0.0002768292191 0.0003723177789 
0.9449816141 0.03361967375 0.009174373884 0.00729188826 0.0005740314907 0.0009631910748 0.0005655898511 0.0007521500856 0.0002380542358 0.0006204605083 0.0003638346654 0.000137598725 0.0003157173199 0.0001300012494 6.584478864e-05 0.0002059760055 
0.9515777722 0.02842982067 0.01046914915 0.004063471228 0.001641635941 0.0008477629996 0.0004761628992 5.308572863e-05 0.0003088624211 0.0003088624211 0.0006651802663 0.0003072537627 0.000381252051 0.000177756758 0.0001013454819 0.0001906260255 
0.936445731 0.04434808975 0.009233630608 0.001776167169 0.002489072711 0.001378663396 0.001238033226 0.0006673836367 0.0006153586029 0.0004283936377 0.000377181495 0.0005430112902 8.779224453e-05 0.0001129918703 0.0001528235368 0.0001056758499 
0.9503891441 0.03676184566 0.004241840477 0.003077958483 0.001417805851 0.000753281715 0.001115258277 0.0005973770978 0.0002253670705 0.000278621618 0.0001304350511 0.0003249299201 0.0001667098877 0.0003249299201 7.409328344e-05 0.0001204015856 
0.9481001175 0.03747519339 0.005789963954 0.003868616095 0.0008829128022 0.001642703819 0.000244623547 0.0004843870236 0.00034344498 5.265076344e-05 0.000426066178 0.0002227532299 0.0001150216678 0.0001344619497 9.396136244e-05 0.0001231217853 
0.926779062 0.05463750119 0.009944439138 0.003620212055 0.00112474926 0.0009201770306 0.0004823765403 0.0008676409718 0.000337504378 0.000425860477 0.0002650682969 8.119209094e-05 9.790810966e-05 0.0001385041551 9.950011144e-05 0.0001783041997 
0.9317479171 0.0486284537 0.01100865126 0.002644184048 0.001515158059 0.0008897450405 0.001305247336 0.0006668768653 0.0001814043287 0.0004301874079 0.0001442596328 0.0001511702739 5.614895887e-05 0.000266059682 0.0002997490573 6.478726023e-05 
0.9493392108 0.03680833619 0.004261506494 0.002935325673 0.001507720997 0.001672215148 0.0006213276468 0.0004602427013 0.0006136569351 0.0004065477195 0.0002769979221 8.608243117e-05 0.0003332498078 0.0002113707221 0.0002403489662 0.0002258598442 
0.9420174328 0.03813383941 0.007433308704 0.004762131056 0.001113693292 0.001263156604 0.001611137853 0.0009741942011 0.0002107815935 0.0006039850751 0.0006722016636 0.0003725085616 0.000210015115 0.0002199793357 0.0001149717783 0.0002866629671 
0.9434029982 0.03979575361 0.007018971446 0.002521905809 0.00265539496 0.001232576469 0.0006234822603 0.0007337906602 0.000435638246 0.0003373198896 0.0002190181273 0.0002685769737 0.0002102254288 0.0001742552984 9.592034774e-05 0.0002741723273 
0.9483975242 0.03707703298 0.005286913214 0.003294743017 0.001866861414 0.0007646230161 0.0009649574389 0.0004772907762 0.000345596833 0.0002841396594 0.0001915548266 0.0003280376405 4.868685176e-05 0.0002897266752 0.0001189236215 0.0002633878866 
0.9355607865 0.04609159773 0.008036956687 0.003187995493 0.001991394417 0.001357805376 0.0007659209297 0.0008268737995 0.0002285732617 0.0002574456737 0.0005469718053 0.0003031603261 9.303332759e-05 0.0001042614878 0.000239801422 0.0004074218139 
0.9242330489 0.05432208921 0.01216408199 0.003286673965 0.001649790932 0.0006405545234 0.0009632520163 0.000262191713 0.000262191713 0.0004437090527 0.0003848167603 0.0003364121363 0.0001508610779 0.0004671046209 9.922947906e-05 0.0003339919051 
0.9355471509 0.04187865853 0.009613785094 0.003789959354 0.003150452755 0.001238210323 0.001282151881 0.0004951271951 0.0003695798873 0.0002966055147 0.0005014045605 0.0004056747383 0.0002722807238 0.0004966965365 0.0002456019209 0.0004166601277 
0.936028707 0.04446247232 0.009087902461 0.003676733573 0.002183823214 0.0005394337881 0.0005882437096 0.0009139237034 0.0005983423141 0.0005554232451 0.0004679020065 0.0002995919322 8.24719364e-05 0.0001657854232 0.0002415249566 0.0001077184475 
0.9420566903 0.02877100859 0.01395216101 0.006558543053 0.003965508158 0.001189828068 0.0005549603976 0.0008930296272 0.0001571802392 0.0004785655327 0.0003819743243 0.0001940605188 0.0002485028363 0.0002634305685 7.551676297e-05 0.000259040059 
0.9582671273 0.02343455337 0.006160718986 0.006339378111 0.002049832949 0.0007646955761 0.001027074194 0.000321931659 0.0004030618894 6.818391705e-05 8.199331798e-05 0.0003581813364 0.0001803852995 0.0001665758986 0.0002019624885 0.0001743436866 
0.9459229173 0.03225758906 0.01024227583 0.005408550507 0.00150268708 0.001648674428 0.0006000922247 0.0005558749029 0.0004632290857 0.0002646020687 0.0001558134197 0.0001298445165 0.0004190117639 0.0002491610991 0.0001129998224 6.667691386e-05 
0.9326136174 0.04217922241 0.0151089034 0.002642414603 0.002036326787 0.0007584114727 0.001075084339 0.00120977052 0.000345534191 0.0005066765864 0.0002797945074 0.0002060377891 0.0003992483228 0.0002316922998 0.0002870098385 0.0001202555189 
0.9342215015 0.04257252644 0.01154468347 0.004962713572 0.0013168604 0.001634803672 0.0006273355032 0.0008271189287 0.0005674782123 0.0003583663779 0.0004827451642 4.897414709e-05 0.0001531413806 0.000140703502 0.0002464254703 0.00029462225 
0.9466814092 0.03235402945 0.01246033232 0.002422068509 0.001526199172 0.0004753592401 0.0006155292725 0.001067381737 0.0005180196847 0.0002220084363 0.0005397852177 0.0002577039104 0.0001514881095 0.0002568332891 0.0002664101236 0.0001854423409 
0.926862641 0.05153496343 0.008623821276 0.003994162721 0.003107860244 0.0007595603297 0.0007506348264 0.0009880532139 0.000773841135 0.0004043252989 0.0004766218755 0.0003632679838 0.0003498797288 0.0004552006676 0.0003070373131 0.0002481289914 
0.9545988749 0.02845063767 0.009274290053 0.001658499062 0.001447459071 0.0007998109816 0.0009336225703 0.000539069543 0.0004786631687 0.0003402637541 0.0002576828879 0.0003616736083 0.0001254005745 0.0001223420239 0.0003027965093 0.0003089136105 
0.9541570883 0.0285247772 0.006710255133 0.003744040676 0.003058930776 0.001075084648 0.0006072565029 0.0003439704667 0.0003779428584 0.0002378067424 0.0001918024619 0.0003446782248 4.600428052e-05 0.0004012988778 4.741979685e-05 0.0001316430181 
0.9329551428 0.04757010432 0.008222474819 0.004720610543 0.002399305152 0.0008279349644 0.0004208737111 0.0002599992038 0.0002989990843 0.0002721866664 0.0003209365171 0.0005736232433 0.0002786866465 0.0001600620098 0.0004216862086 0.0002973740893 
0.9352007118 0.04958070564 0.007934622013 0.003199335546 0.0005607082915 0.0006244251428 0.0007548572855 0.0002196357345 0.0005464657012 0.0001529204431 0.0002143884644 0.0001109422823 0.0003808018878 0.0001191879924 0.0002548674052 0.000145424343 
0.9436864495 0.03803711603 0.009801941671 0.002405334095 0.001379988605 0.0009457149753 0.0006608511763 0.0006362231822 0.0001756796916 0.0005024110806 0.0001740378253 0.0004958436155 0.0003488965838 0.0002126216828 0.0004112875023 0.0001256027702 
0.932030417 0.04685176392 0.009624465815 0.002602875773 0.004714396782 0.001331440965 0.0003817783042 0.0004356968802 0.0003122059481 0.0006418049852 0.0002243708485 0.0001130550787 0.0001295785133 0.0002321977386 0.0002782894245 9.566198967e-05 
0.9582047597 0.02696623853 0.005947148823 0.003612283354 0.001037129043 0.0007111489605 0.0009302358453 0.0005017796392 0.0006166235707 0.0003215630082 0.0003109620299 0.0002747420208 0.0002968273922 6.183904005e-05 0.0001413463772 6.537269948e-05 
0.9159422548 0.05429073993 0.01311779375 0.006996477238 0.002939001297 0.001991711939 0.001282927922 0.0006655068383 0.0004972066985 0.0002308116202 0.0003491025756 0.0007039754416 0.0002086921733 0.0002577396426 0.0001731087152 0.0003529494359 
0.9262393324 0.0507745546 0.009748844251 0.004616687844 0.003892148116 0.001250822317 0.0004073283048 0.0004073283048 0.0007596853118 0.0006551497292 0.0003244207737 0.0003550605135 8.561103752e-05 9.101805041e-05 0.0002081699965 0.0001838384385 
0.9307236115 0.04114893116 0.01714372811 0.003633819113 0.001527658941 0.001496482228 0.001115433512 0.0005014254686 0.0004763108942 0.0005005594488 0.0004122254284 0.0003819147352 0.0001645437634 7.880780249e-05 0.0002537438036 0.0004408040821 
0.9253978211 0.05012796043 0.01089718844 0.005800217318 0.001862217361 0.001944426573 0.001045486714 0.0006666094776 0.0004494699293 0.0001536954828 0.0003645799824 0.0004333855183 0.000255563419 0.0001474404341 0.0001644184234 0.0002895193978 
0.9521640154 0.03579814904 0.00307358774 0.002983485557 0.001043530387 0.001623678118 0.000695993395 0.0005930194713 0.0001232009444 0.0006206017723 0.0003833939837 0.0001893984668 0.0002767424199 0.0002169807678 9.653805346e-05 0.0001176844842 
0.9434835095 0.03229642442 0.01240777276 0.003648550039 0.002236876481 0.001786438204 0.0009927659613 0.0007143951064 0.0007080889706 0.0004107997081 0.0001198165815 0.0001405367423 0.00026395683 0.0005144005117 9.36911615e-05 0.0001819770637 
0.9448554236 0.04251077405 0.004133989339 0.003788189249 0.001082674323 0.0009913456307 0.0004574240469 0.0007009672255 0.0003137960185 0.0001576785964 0.0001701679902 0.0001857797324 0.0002365178946 0.0002646190306 0.0001217715893 2.88817231e-05 
0.9519823008 0.03107386086 0.007171261069 0.002528344644 0.001392073042 0.001702402689 0.0006615554492 0.0006655648761 0.0004201879459 0.0005027821414 0.0002822636583 0.000426603029 0.0002333486493 0.0003552352291 0.000314339074 0.0002878768561 
0.9468826558 0.04176265551 0.005240625563 0.002178723515 0.0006469607456 0.0007752164518 0.0004277896022 0.0001915718143 0.000401002018 0.0002102419487 0.0002524526874 0.0002419000028 0.0001802073846 0.0003255097353 0.0001850778545 9.740939708e-05 
0.9444820957 0.03242086315 0.01286065967 0.003168956548 0.001086677971 0.001793866922 0.001275083108 0.0005232483903 0.0003732386129 0.0001732255763 0.0005705729034 0.000425920618 0.0002044776133 0.0002643029412 0.0002348367349 0.0001419735393 
0.9349543338 0.04631909744 0.00668561904 0.003304688609 0.003283656382 0.0007194774193 0.0007396333031 0.0005398271502 0.001149761722 0.0002690372323 0.0004951336686 0.0004863702408 0.0003566715099 0.000368063966 0.0001822792975 0.0001463492436 
0.936411096 0.03659767652 0.01529927845 0.004131711224 0.001756759032 0.001140169486 0.0009934388137 0.0006630943494 0.0007152118013 0.0007352569751 0.0003768492675 0.000184415599 0.0003768492675 0.0001852174059 0.0001210728498 0.0003119029044 
0.9462150234 0.03936760326 0.005010758475 0.005069012356 0.0008608629157 0.000811855682 0.0005196616097 0.0008081570229 8.50691603e-05 0.000159967008 0.0001451723714 0.0002154468951 0.0003116120328 0.0001710629854 0.0001248297461 0.0001239050813 
0.9482898142 0.0260145848 0.01311597271 0.003482474712 0.001789696542 0.001264643613 0.001540343449 0.0006803105152 0.0005466948953 0.0008901434956 0.0004403669725 0.0005711597271 0.0004563632087 0.0001477299459 0.0003199247236 0.0004497765232 
0.9424092403 0.04266595812 0.00704196184 0.002226450925 0.001952931155 0.0006009620081 0.0005181245922 0.0004063722291 0.0004290352958 0.0002969643213 0.0004118426245 0.000181304533 0.000167237802 0.0001641118618 0.0002946198661 0.0002328825467 
0.9360145882 0.04065750666 0.009577374959 0.005404219775 0.002340722419 0.00101010428 0.001454453038 0.000581943091 0.0005714211714 0.0006037963086 0.0002614292328 0.0002533354485 0.0003464139679 0.0001748257408 0.0002929949916 0.0004548706775 
0.9437121043 0.03323686175 0.01028710118 0.002930815469 0.003489564918 0.001215280051 0.001085196195 0.0008529659556 0.0006111322097 0.0005473998507 0.00050374755 0.0004365230069 0.0002034197212 0.0003832672001 0.0003605680037 0.0001440525923 
0.9459594746 0.03594154935 0.01027218497 0.002776804042 0.001383809732 0.0006796587623 0.0004745365232 0.0003780984556 0.0006146013357 0.0004232559635 0.0003941714669 0.0001370032865 0.0001630262572 0.0002403297876 6.123051913e-06 0.0001553724423 
0.9247096237 0.05126893063 0.0117930021 0.005809986781 0.00204436091 0.001227600594 0.0006412716532 0.000305875098 0.0004821838006 0.000269793317 0.0002041900788 0.0002041900788 0.0004264210481 0.0002427319813 0.0001525275288 0.0002173107265 
0.958625029 0.03054416992 0.004561717133 0.001289537135 0.0006201903501 0.0008684303449 0.0006046241458 0.0008569605102 0.0004620704854 0.0002261195992 0.0002638061991 0.0003785045466 0.0001441922082 0.0001941679167 0.0002023606558 0.0001581198647 
0.9476712599 0.0289547495 0.01171246273 0.004631673311 0.002101061482 0.0008888126753 0.001041617147 0.0005424558735 0.0006748864153 0.0003811622648 0.0004066296767 0.0002606165151 7.215766705e-05 0.0003157959076 0.0001426175066 0.0002020414677 
0.9314443726 0.04297766636 0.01350546472 0.004258614015 0.002093395207 0.001006406315 0.001067719145 0.001209614553 0.0003547385183 0.0003994092947 0.0005886031711 0.0003959057044 0.0003232062056 0.0001366400219 0.0001129907873 0.0001252533534 
0.9293654729 0.05132962075 0.01049225641 0.002802325109 0.001632453965 0.0008536238364 0.0008910206902 0.0002349497988 0.000503231576 0.0004308767936 0.00034551441 0.0002487703752 0.0002406406244 0.0002162513719 0.0003032397057 0.0001097516361 
0.9481256594 0.03397142087 0.009810151548 0.002062420514 0.001335935272 0.001785870642 0.0004586046455 0.0003944520108 0.0003970527933 0.0004031212858 0.0003198962461 0.0002678805963 0.0001820547742 9.18943146e-05 0.0001612485143 0.000232336569 
0.9398043579 0.04583041357 0.004634723223 0.003042655433 0.001738541356 0.0004960127565 0.001257508851 0.0003570293164 0.0008705190324 0.0002505030868 0.0005858942627 0.0002030656252 0.0004360917524 2.66315574e-05 0.0001889176103 0.0002771346442 
0.9382355541 0.03837847483 0.01057813696 0.002608262054 0.004513594148 0.001388349207 0.0006562347302 0.0007562959343 0.000560342743 0.0005970318511 0.0003393742506 0.0002142977455 0.0003110235761 0.0004452723583 0.0001784424807 0.0002393130465 
0.9522330719 0.03564911157 0.004698636298 0.002655750951 0.001558081212 0.001349219054 0.000306432802 0.0004245847531 2.515493151e-05 0.0002080998879 0.0001593145662 0.0002302057368 0.000102906538 0.0001219633043 0.0001227255749 0.0001547409423 
0.9484649333 0.03433198032 0.005396905933 0.002660558949 0.003047476817 0.001158360298 0.0009333894963 0.001346633735 0.0005209430265 0.0002305551833 0.000627046277 0.0002800168489 0.0003175119825 0.0002784213113 0.0001954533561 0.0002098131945 
0.9498355207 0.0315415833 0.008286891022 0.003719906701 0.001544183312 0.001577342935 0.0007136855036 0.0004318287155 0.0003933936989 0.0004551911765 0.0003707848656 0.0001816242939 7.536277757e-05 0.0005320612096 8.214542755e-05 0.0002584943271 
0.9509738688 0.03401783862 0.006611586574 0.004188924537 0.001535490023 0.0009841503308 0.0002541191091 0.0002235888981 0.0003403220578 0.0002460375827 7.812142224e-05 0.0001849771607 0.0001023660016 7.722347486e-05 8.081526439e-05 0.0001005701068 
0.9422907228 0.03615508209 0.01243946108 0.003398040672 0.001359392928 0.001146518532 0.000608591116 0.0004416481248 0.000506128751 0.0004902294185 0.000456664161 0.0002075746187 0.0001678262874 7.419688497e-05 0.0001174784012 0.0001404441037 
0.9353672639 0.05219013427 0.004591150552 0.002792533735 0.001446208907 0.0004494783519 0.0005402181131 0.0004635465319 0.0003868749508 0.0003383397297 0.0002264976984 0.0001463090723 0.0002082090644 0.0002412692875 0.0002679988295 0.0003439670017 
0.9490949729 0.03879326634 0.005996493883 0.001215495094 0.0009270463855 0.0007010691884 0.0008676598866 0.0006470814621 0.0004681507121 0.000165819445 0.0002259771971 0.0001997545872 0.0002452585279 0.0002205784245 0.0001442243545 8.715161527e-05 
0.9510153473 0.03040504896 0.008528585716 0.003650001003 0.001107382053 0.001434364943 0.0005824655207 0.0004769590417 0.0006016485169 0.0003295987528 0.0007777833002 0.0002955925322 0.0001342809733 0.0003479097946 0.0001046345247 0.000208397095 
0.9461814971 0.03909088752 0.004709786322 0.002576908997 0.001563432128 0.001134653452 0.0005923246922 0.001296504691 0.0002770961007 0.0005397865936 0.00047114811 0.0002016785075 0.0004253891209 0.000473690276 0.0001508351863 0.0003143812029 
0.9332230285 0.05314408175 0.006549743541 0.002502343978 0.0009714704422 0.0006909810039 0.0002513374461 0.000490856517 0.0006838899788 0.0003805516818 0.0002489737711 5.594030933e-05 0.0003088535388 0.0002552769045 0.0001126685103 0.0001300021273 
0.9504824386 0.03033130971 0.0062299877 0.002820270997 0.00253173114 0.002180536915 0.001240721383 0.001403952501 0.0004146729937 0.0003520186248 0.0004278633871 0.0002687542663 0.0001566359221 0.0004385805818 0.000243197879 0.0004773273625 
0.932907535 0.04453079867 0.01123981828 0.003076987519 0.002634550573 0.001428539016 0.001357853823 0.0003630251866 0.0003202650084 0.0002914673373 0.0002600516962 0.0005209760491 0.000301066561 8.552035646e-05 0.0005113768254 0.0001701680562 
0.9480152614 0.02721618113 0.01275213742 0.004423244022 0.002314425783 0.0009565220501 0.0007982936362 0.0008134907155 0.0003093052611 0.0003110931527 0.0003799269825 0.0004022756285 0.0003754572533 0.0001787891682 0.0003781390908 0.0003754572533 
0.9341127646 0.05108512164 0.006322953139 0.001949084067 0.002461960996 0.0009809909298 0.0009149845796 0.0002602319327 0.0003391360755 0.0003216861208 0.0002124342307 0.0002769231936 0.0001411170247 0.0001373235563 4.172815247e-05 0.0004415597225 
0.9497455303 0.03155213339 0.005552543907 0.004793783958 0.001701727517 0.001120157752 0.000782443786 0.001085947766 0.001221910531 0.0002964865467 0.0004517472531 0.000570166436 0.0002991180841 0.0004210459835 0.0002026283796 0.0002026283796 
0.9563960503 0.0240716682 0.01007082483 0.002305849203 0.002553658931 0.001049738256 0.0004728697098 0.0005459938917 0.0007361167647 0.0001998727639 0.0004655572916 0.0004054329642 0.0003428711641 0.0001275610729 5.037443644e-05 0.0002055602003 
0.9570716188 0.02829650039 0.005286649995 0.002362153538 0.001800593828 0.001036966606 0.001021302458 0.0007033202512 0.0004863717995 0.0003414784293 0.00039865257 0.000402568607 7.362149622e-05 0.0003305135256 0.0002224309035 0.0001652567628 
0.9513619162 0.03670289816 0.004771267614 0.002544676061 0.0006564391063 0.00079443165 0.0006346097774 0.0004124183934 0.0005449536049 0.0003422526932 0.0004966172336 0.000157483016 0.0001917862472 0.0002136155762 3.976056345e-05 0.0001348740682 
0.9221291504 0.06141982193 0.006688668617 0.003069428323 0.001864672379 0.001142245023 0.0009866780702 0.0004858803456 0.0003544653398 0.0003097132027 0.0002770370391 0.0001832706567 0.000187532765 0.0002301538479 0.0002777473905 0.0003935346659 
0.9297072609 0.04553857526 0.01062155294 0.005760706097 0.003150237783 0.001279669974 0.0009531788331 0.0002702499374 0.0007464741513 0.0002081654923 0.0002512594012 0.0002797452054 0.0001913661719 0.0004784154297 0.00035570735 0.0002074350871 
0.9509487624 0.0339584367 0.005870802877 0.002170311743 0.002328152597 0.001564524391 0.0005539044785 0.000497637137 0.000349295964 0.0001724557479 0.0005275976695 0.0003814487306 0.0002002240463 0.00019145511 0.0001571101093 0.0001278803216 
0.9197696666 0.05698036556 0.01252866437 0.003456294765 0.002741756745 0.0007533364642 0.001172036344 0.0002061167364 0.000399300658 0.0003653520191 0.0002748223152 0.0002457234819 0.0001956088244 0.0003637354172 0.0003532275052 0.0001939922225 
0.945603864 0.03672445469 0.007337742957 0.004406219765 0.001627016645 0.000696077205 0.0008067007217 0.0003633557048 0.0006424673469 0.0005429061819 0.0001131763671 0.000245073637 0.0004127108123 0.0001412577213 0.0002706021408 6.637411001e-05 
0.9364426102 0.04311404499 0.009729193996 0.003713137707 0.001738830933 0.001655360019 0.00066688867 0.0007688110491 0.000538607055 0.0004753448886 0.0001019223791 0.0001792428046 0.0001563981334 0.0002433836121 0.0002706214893 0.0002056020406 
0.9305470281 0.04892241459 0.004475233183 0.007258352114 0.002500027574 0.001353875227 0.001084570786 0.0004494534866 0.0004016588418 0.000405335353 0.0006222495101 0.000507358537 0.0003658128582 0.0003731658805 0.0002720618242 0.0004614021478 
0.9372181239 0.04490687878 0.005764748648 0.002207539504 0.001610537345 0.001836337588 0.001848311844 0.00126328394 0.0005465392264 0.0006158188466 0.0004695618705 0.0003207389826 0.0002600124019 0.0003669253961 0.0004079799859 0.0003566617487 
0.92868874 0.04545786974 0.01047715098 0.004194833114 0.002734857835 0.00234390589 0.0006311210389 0.001907809378 0.0007629431729 0.0005525694933 0.0004974931222 0.0002437806588 0.0005706273199 0.0003774085755 0.0002997599212 0.0002591298114 
0.9340979613 0.04957113862 0.008909620645 0.001947934985 0.0006090778598 0.001073314033 0.0003416778238 0.000179195163 0.0005728674383 0.0007102813457 0.0004094563052 0.0004122417222 0.000200550027 0.0002692569807 0.0003881014412 0.000307324347 
0.9525496303 0.02468302564 0.01069322842 0.003941337571 0.001231889713 0.0006208227498 0.00161236537 0.0006172751912 0.0009684834897 0.0007086248244 0.0003893445531 0.0005472109095 0.0004124036838 0.0004390103731 0.0001809254871 0.000404421677 
0.9385887082 0.04182784553 0.01338199305 0.001796851134 0.0007894474897 0.0006487198937 0.0008804055701 0.0004771008742 0.0004075951713 0.0002325437714 0.0002471313881 0.0002007942528 0.0001458761666 0.0002136656793 8.838379505e-05 7.293808329e-05 
0.9230356483 0.05620062164 0.01109002095 0.001900681884 0.001915230101 0.001902393439 0.0007154300111 0.0008343830871 0.0008437966399 7.873153232e-05 0.0005528322813 0.0002233579341 0.0001155299659 0.000136924404 0.0001523283995 0.0003020894664 
0.9500242478 0.03584981855 0.004986578064 0.002605964784 0.00138816526 0.002355373912 0.000552561886 0.0004245622322 0.0007337444947 9.915466144e-05 0.0001117743456 0.0001883938567 0.0001721685485 0.0001144785637 0.0001983093229 0.0001947036988 
0.9540300947 0.03210950345 0.006162045796 0.001458477611 0.001456708687 0.0008756172438 0.0008791550913 0.0004643424778 0.0005103344946 4.95298643e-05 0.0005855137529 0.0001910437623 0.0005828603674 9.817526673e-05 0.0002449959359 0.0003016014951 
0.9438176405 0.03373717378 0.01139112408 0.003594275173 0.002131820756 0.0007232963278 0.001422006925 0.001121426543 0.0005353344532 0.0002363402475 0.0003481656666 0.0001427558542 0.0002902702368 0.0001705139369 0.0002625121541 7.534336748e-05 
0.9422662732 0.03493389694 0.01291688307 0.0032017425 0.0010915794 0.002308174428 0.0006309513521 0.0005520824331 0.000313797614 0.0003020511792 0.000330578235 0.0002844315271 7.970795007e-05 0.0002886266824 0.0001938161733 0.0003054073034 
0.9346150245 0.04527686742 0.01059374335 0.002523090019 0.001714407321 0.001052138753 0.0009797829325 0.0004639284954 0.000815492658 0.0003473079379 0.0002741008725 0.0002868695467 0.0002689934029 0.0003072994254 0.0002553734837 0.0002255799106 
0.9470776207 0.03304459112 0.005399597894 0.005083600943 0.002087949851 0.002169319066 0.00138959659 0.001380116682 0.0004660955022 0.000566424534 0.0002298877816 0.0001256087879 0.0003499666228 0.0002717573775 0.0001540485134 0.0002038180332 
0.9492489947 0.0316007197 0.008207851281 0.004569945185 0.001005059758 0.001653220745 0.0007761522702 0.000329823692 0.0004980173658 0.0003577192281 0.0003207986656 0.0004422262935 0.0001878846405 0.0002789553614 0.0003355668906 0.0001870641835 
0.9471456381 0.03774163642 0.005751838869 0.003157160767 0.001425647309 0.0006860387655 0.0008614365859 0.000266120831 0.0008683488153 0.0004778078556 0.000276489175 0.0002548884582 0.0002773532037 0.0003939970744 0.0002376078848 0.0001779899064 
0.9302519382 0.05288183212 0.005458855876 0.003048917822 0.002459988689 0.001646665877 0.0007832924308 0.0004412797614 0.0006648392624 0.0002861227942 0.0007315734418 0.0001893582341 0.0002619316542 0.0002936303894 0.0002527557045 0.0003470177329 
0.9230345319 0.05793926722 0.008743607822 0.002523643967 0.002488795961 0.001756177417 0.000615918245 0.00111594661 0.0003387550347 0.000306338285 0.0002107088733 0.0001507378863 0.0002252964107 0.0002050359421 0.0001385816051 0.0002066567796 
0.9481327734 0.03301658856 0.009726929251 0.002741247628 0.001262384667 0.0009761792797 0.0009834763009 0.0006453809856 0.000269179004 0.0007224050982 0.0003713373008 0.0004613338955 0.0002026950332 0.0001029690768 0.0001572913457 0.0002278292173 
0.928113471 0.04892540095 0.00934249462 0.003222516141 0.003710096844 0.001863054673 0.001593244005 0.0009047063948 0.0007493851199 0.0002273775364 0.0001633275261 0.0002698106682 0.0001016793913 0.0002353837877 0.0003010350482 0.0002770162943 
0.9265376875 0.04811323545 0.009713449753 0.006944142445 0.002353563309 0.0009593423243 0.00071407076 0.0006470994463 0.0009106359144 0.0006540575049 0.0003809537063 0.00058099789 0.0005296822081 0.0002670154973 0.0005218543922 0.0001722119494 
0.9514795977 0.03344072104 0.004093503784 0.004459879657 0.002012517964 0.0007983060761 0.0009876852547 0.0005950876498 0.0003095621189 0.0003896840791 0.0004486829771 0.0002425510249 0.0002221563442 0.0002658592315 0.0001893791786 6.482594961e-05 
0.9375269899 0.04468380398 0.006813651589 0.003016032775 0.00223359161 0.001163827788 0.00136820313 0.0005173518086 0.0005062351582 0.000431839113 0.0004574929217 0.0003890827652 0.0004181570817 0.0002317394052 0.000195824073 4.617685565e-05 
0.946763963 0.03173256211 0.01185406391 0.00268074073 0.001805994731 0.00156742764 0.0009040437122 0.0006947743344 0.0004143533681 0.0001496276051 0.0001674155023 0.0001768326243 0.0002699574974 0.0002877453945 0.0003473871672 0.0001831107056 
0.9442065012 0.03922224342 0.006631309591 0.002821464932 0.002143553692 0.001519313865 0.001009848292 0.0004326741658 0.0002460627889 0.0002873484918 0.0004508398751 0.0001461513881 0.0002501913592 0.0001709228098 0.0001750513801 0.0002865227777 
0.9209076299 0.0532810656 0.012693688 0.004069109408 0.002318012833 0.001263729846 0.0009878238874 0.001350328066 0.000557853653 0.0003806293878 0.000730043138 0.0007703213801 8.055648419e-05 0.0002326068481 0.0001490294958 0.0002275720678 
0.913154429 0.05742016958 0.01213241927 0.006240303085 0.002916290817 0.001544290096 0.001294425401 0.001167237958 0.00121143785 0.0003590113657 0.0007748511636 0.000374346022 0.0002850441999 0.0005132599675 0.0003887786397 0.0002237055746 
0.9497934691 0.03501121465 0.006798558815 0.001871648534 0.001785042689 0.001382485892 0.001063327316 0.0005116160089 0.0004065663268 0.0003368005074 4.891626418e-05 0.0002341565433 0.0001563716642 8.981346865e-05 0.0003119414224 0.0001980707746 
0.9407263032 0.03857240861 0.00881753409 0.002829348176 0.002956390171 0.0007237295596 0.001149115337 0.001036826606 0.0003917811206 0.0003426035741 0.0007802837381 0.0002081849469 0.0004458764217 0.0002573624934 0.0004991520971 0.0002630998739 
0.9407656419 0.04166188137 0.009513315793 0.001018081086 0.002499868314 0.001067301291 0.000593232999 0.0005612830412 0.001010309474 0.0002832320577 0.0002366023897 0.0003065468917 0.0002417834639 0.0001347079299 8.117016288e-05 2.504185876e-05 
0.9185726585 0.06073459343 0.007066672635 0.002545125514 0.004336367298 0.001092648712 0.000676652335 0.0009882108031 0.0009241438505 0.0009697805839 0.0003334992053 0.0004274055605 0.0003045374322 0.0005204342862 0.0002281836668 0.0002790861771 
0.9394367431 0.0431418415 0.004569011069 0.005224081968 0.001638111071 0.001380420929 0.0006837031375 0.0005214537889 0.001024687063 0.0004234100648 0.0005041009174 0.0004355570749 0.0002394696268 0.0001041172291 0.0004338217877 0.0002394696268 
0.936136552 0.03967272295 0.01221385139 0.004462943941 0.003153373342 0.001139475049 0.0008174494915 0.0004004676802 0.000354228113 0.0002056009327 0.000585425949 0.000173398377 0.0002245921835 0.0002799145229 5.284521965e-05 0.0001271588098 
0.9538248295 0.03500584455 0.002625258693 0.002727458545 0.00148429316 0.001422813562 0.0006467334372 0.0004343493702 0.0004087994072 0.0002387324663 0.0003377385728 0.0001628810138 0.0002610886839 0.0001676716319 0.000151702905 9.980454278e-05 
0.9342136209 0.04620044431 0.00894167324 0.002418940062 0.001713383748 0.001392606232 0.001037900326 0.001118094705 0.0008019437884 0.0004387557842 0.0003878631976 0.0003570192058 0.0003685857027 0.0001765818534 0.0002182212424 0.0002143657434 
0.9490144481 0.03188824583 0.007832785111 0.004983136945 0.0014864471 0.001105883333 0.0004913186493 0.0005862514053 0.0002248407378 0.0007394762044 0.0004821584711 9.493275596e-05 0.000360577924 0.0001507265687 0.0002689761419 0.0002897947287 
0.94148629 0.03959984025 0.008717677896 0.002801858854 0.001620458331 0.002200578886 0.0006109780321 0.0001384178226 0.0004787317048 0.000334142387 0.0007890697529 0.0002653742968 0.000295350131 0.000203659344 0.0001181400524 0.0003394322401 
0.9413159144 0.03830556908 0.008612876775 0.002517740553 0.002876096647 0.0009586988822 0.001481975844 0.0009710294145 0.0007629516828 0.0004808907576 0.000197288516 0.0003182818636 0.0002404453788 0.0004978452395 0.0001286999303 0.0003336950289 
0.9479815066 0.03060598845 0.01030636514 0.004096555562 0.00127335983 0.001541986424 0.001294291772 0.0005991768514 0.0005721397591 0.0002346121878 0.0002101915883 0.000307001822 0.0001753050176 0.0005939438658 0.0001351854614 7.238963415e-05 
0.9479810167 0.03198785641 0.006750138228 0.005576906012 0.002536741367 0.001617780569 0.0008942162638 0.0003532495546 0.0005196352144 0.0004104179608 0.0002542714185 0.0003233854618 0.0001825975959 0.0002824289917 9.044553813e-05 0.0002389127422 
0.9388682021 0.03895474838 0.009169279974 0.006149062682 0.001790582834 0.001211826573 0.00100169353 0.0003677328247 0.0002662278804 0.0006606725326 0.0002030098887 0.0005903313869 9.260100187e-05 0.0002430776299 0.000150476628 0.0002804741884 
0.9493618453 0.03263663056 0.006198846737 0.00339311719 0.002059670956 0.00119155779 0.00141430739 0.0007018138073 0.0007231733579 0.000321918942 0.0008025088318 0.0004287166953 0.000201390049 0.0002463976736 0.0001380742382 0.0001800304984 
0.9455924652 0.03021299381 0.01432136202 0.00313034807 0.003468234376 0.0007902306172 0.0003684607044 0.0004053067749 0.0004060907338 0.0003637569508 7.682797667e-05 0.0001222975955 0.000187366188 0.0002916327278 0.0001466003228 0.000116025924 
0.942548475 0.03964384643 0.007011856051 0.002528308941 0.001726765143 0.001548329598 0.001435037188 0.0004427845008 0.0005079276364 0.0005626856343 0.0004758281203 0.0002756781967 0.0005438035661 0.0003096659196 0.0001982617168 0.0002407463704 
0.9438028361 0.03567711421 0.006525872934 0.005685326447 0.002093022235 0.001861147342 0.0008423031149 0.0004821943797 0.0007430536342 0.0003469340254 0.0004294955404 0.0003557171653 9.397959677e-05 0.0004611148439 0.0002749122784 0.0003249761757 
0.9578210474 0.02101105606 0.0125536104 0.00213764865 0.001140875425 0.00144022585 0.001054095647 0.0004888328757 0.0005931278378 0.000611439167 0.000120217857 0.0002396395693 0.0001146448438 0.0002396395693 0.000310496452 0.000123402436 
0.9571962301 0.03136882496 0.003990475889 0.003110983328 0.0008833466041 0.0002559084403 0.0003437806156 0.001142338279 0.0003445514241 0.0002690121857 0.0001688070736 0.0002350966093 0.0002774910798 2.851991654e-05 0.0002813451226 0.0001032883464 
0.9373528711 0.03468765132 0.01774096371 0.004490776329 0.001890600853 0.0009013515479 0.0006616303915 0.0002509081436 0.0003236235611 0.0002165481112 0.0003851519912 0.0002884644581 0.0002013657713 0.00024531465 0.0001542206106 0.000208557406 
0.9333444265 0.04537193119 0.007573108511 0.0033480519 0.002328765031 0.002833585342 0.0007323109918 0.001090829875 0.001049833321 0.0003183261831 0.0006245945561 0.0002749180672 0.0003890653348 0.0003778113789 0.0002210598493 0.0001213819536 
0.9210920738 0.05413286892 0.01040609426 0.007431295341 0.001998133012 0.001668233351 0.0008080505292 0.0005319122939 0.0003282705275 0.0002297079125 0.0004235748742 0.0002989461131 8.634410897e-05 0.0002362244491 0.0001792047545 0.000149065773 
0.947114672 0.03580844789 0.007515264539 0.003000356629 0.001970892947 0.0003844768375 0.0006943939145 0.0003305782154 0.0008596830222 0.0004814943573 0.0004707146328 0.000405137976 0.0003566292161 0.0003242900429 0.0001832553151 9.971245085e-05 
0.9552738705 0.02534079854 0.006889871446 0.004044073132 0.001509742768 0.001823715821 0.001148172735 0.0006939138495 0.0005168864896 0.0004667844066 0.0007106145438 0.0002262944082 0.0004910004133 0.0004659493718 0.0002371498595 0.0001611617003 
0.9425521443 0.03355600695 0.01260760577 0.002851877581 0.003758772891 0.001119091203 0.0004243917858 0.0006770897994 0.0005097984315 0.0003900530314 0.0004578500594 0.0001910643517 0.000347789949 0.0001311916516 0.0002826343636 0.0001426379031 
0.9408802538 0.04099934324 0.007282258701 0.002338116506 0.003010828906 0.0008196845222 0.0006827904883 0.0008751140084 0.0004518342961 0.000449314774 0.000371209589 0.0002275968294 0.0004904669682 0.0002485928469 0.0005685721532 0.000304022333 
0.9371173666 0.04493535757 0.006804560972 0.003020766539 0.00280135124 0.0006286919982 0.001197380629 0.0006869042203 0.0002847921018 0.0004540553321 0.0003053902726 0.0003644980674 0.0005928690924 0.0002946434009 0.0002229975891 0.0002883743924 
0.9495051257 0.03299801388 0.005634168596 0.00277481714 0.004254603416 0.00104752833 0.0008392427468 0.0006021980665 0.0006449009685 0.000395655459 0.0002065426075 0.0002989203138 0.0002422736071 0.0002370446803 0.0001952132661 0.0001237512669 
0.9287537837 0.05445908995 0.006329847066 0.00416782249 0.002453139622 0.00145328899 0.0006340516203 0.0002187173258 0.0001204088414 0.00015546458 0.0006210962387 0.0001044051346 8.763934656e-05 0.000180613262 0.0002301485449 3.048325098e-05 
0.9529674625 0.03539625641 0.005812463505 0.001964250957 0.001066469863 0.000824790761 0.0002295140466 0.0004825472004 9.00214105e-05 0.0005028222929 2.919613313e-05 0.000112729514 0.000171932784 0.0002538441575 5.190423668e-05 4.37941997e-05 
0.9450673568 0.03335053246 0.008884354207 0.003875260989 0.00280110414 0.001675277145 0.0008412773151 0.0006833558814 0.0004417433653 0.0005065129856 0.0003369475752 0.000316570616 0.000265628218 0.0004220941547 0.0003427695635 0.0001892146211 
0.9493754789 0.03229630396 0.008853454179 0.002418638323 0.001458077719 0.001560715108 0.0008728095536 0.0004489406411 0.0006166078265 0.0003094791505 0.0003126131166 7.991613507e-05 0.0003588391163 0.0006072059282 0.0002812734558 0.0001496468804 
0.9352528705 0.05016382021 0.007012742851 0.00252856057 0.001199860652 0.0005002418435 0.0006233229302 0.0004743300358 0.0004563357249 0.0002922276093 0.0003346941831 0.0002663158016 0.0001446742598 0.000250480808 0.0002821507952 0.0002173712759 
0.9387647214 0.03862413656 0.01243333478 0.003836481344 0.002123781348 0.0008254980505 0.0006520600762 0.0005695102712 0.000361885004 0.0005786824718 0.0002226343227 0.00038606626 0.0002268035048 0.0001100664067 0.0002351418689 4.919634846e-05 
0.9482519673 0.03566258831 0.006051195045 0.002815444971 0.00300376905 0.001185585675 0.0004656740846 0.0001626435222 0.0002465333389 0.0001874680598 0.0007164875163 0.000428009269 0.0003749361196 0.0001737717632 0.0002088685233 6.505740888e-05 
0.9565712467 0.02297505172 0.00866736213 0.004196651166 0.001925491097 0.0008053821808 0.001759287091 0.0005242498718 0.0005198295525 0.0003217992468 0.0002935092031 0.0005772937037 0.0003439008434 0.0001741605814 0.0001582474318 0.0001865374755 
0.9154683477 0.06000936122 0.009498130751 0.006169506551 0.001511144046 0.001891069276 0.001766994595 0.0003388522322 0.0003842036673 0.0006819829017 0.0007880881461 0.0002721086107 0.0001908183025 0.0002780984229 0.0005185465977 0.0002327469878 
